[1,["a4PO8xKfVNjLxScGDTjARz@d84d1","a4PO8xKfVNjLxScGDTjARz@490db","a4PO8xKfVNjLxScGDTjARz@438fe","1brw/JvvpFnIvdrxpFCgMZ"],["_parent","node","root","data","_mesh","_skeleton","_effectAsset"],[["cc.Node",["_name","_prefab","_children","_euler","_parent","_components","_lpos","_lrot"],2,4,2,5,1,9,5,5],["cc.Node",["_name","_parent","_children","_prefab","_lpos","_lrot","_euler","_lscale"],2,1,9,4,5,5,5,5],["cc.Skeleton",["_name","_hash","_joints","_bindposes"],0,12],["cc.Mesh",["_native","_hash","_struct"],1,11],["cc.Prefab",[],3],["cc.Node",["_name","_parent","_children","_prefab","_lpos","_lrot","_euler"],2,1,12,4,5,5,5],["cc.SkeletalAnimation",["node","__prefab"],3,1,4],["cc.CompPrefabInfo",["fileId"],2],["cc.PrefabInfo",["fileId","root","asset"],2,1,1],["cc.SkinnedMeshRenderer",["node","__prefab","_materials","lightmapSettings","_skinningRoot","_mesh","_skeleton"],3,1,4,3,4,1,6,6],["cc.ModelLightmapSettings",[],3],["cc.Material",["_name","_states","_defines","_props"],0,12]],[[8,0,1,2,2],[0,0,4,1,6,7,3,2],[1,0,1,2,3,4,5,6,2],[1,0,1,2,3,4,5,7,6,2],[7,0,2],[2,0,1,2,3,4],[3,0,1,2,3],[4,1],[0,0,2,5,1,2],[0,0,2,1,6,7,3,2],[0,0,4,2,1,2],[0,0,4,5,1,3,2],[5,0,1,2,3,4,5,6,2],[6,0,1,1],[9,0,1,2,3,4,5,6,1],[10,1],[11,0,1,2,3,4]],[[[[5,"Skin-0",380496815,["RootNode/trunk_0/trunk_1/head","RootNode/trunk_0/trunk_1","RootNode/trunk_0","RootNode/trunk_0/trunk_1/arm_R_0","RootNode/trunk_0/trunk_1/arm_R_0/arm_R_1","RootNode/trunk_0/leg_R_0","RootNode/trunk_0/leg_R_0/leg_R_1","RootNode/trunk_0/trunk_1/arm_L_0","RootNode/trunk_0/trunk_1/arm_L_0/arm_L_1","RootNode/trunk_0/leg_L_0","RootNode/trunk_0/leg_L_0/leg_L_1"],[[[7,6.647117078983911e-9,4.378266993398938e-8,-1,0,0.9999061226844788,-0.013699017465114594,6.046713352247934e-9,0,-0.013699017465114594,-0.9999061226844788,-4.386961549585067e-8,0,-1.0561678409576416,0.013236341066658497,-5.992453644410034e-9,1],[7,2.9846154436796724e-9,4.4183778413753316e-8,-1,0,0.997584342956543,0.0694659873843193,6.0466747164866774e-9,0,0.0694659873843193,-0.997584342956543,-4.3869711419119994e-8,0,-0.818856418132782,-0.07460387796163559,-5.992581542102471e-9,1],[7,5.650597767470344e-10,2.3841759855258715e-7,-1,0,0.9999939799308777,-0.0034683553967624903,-2.6186064427946576e-10,0,-0.0034683553967624903,-0.9999939799308777,-2.3841812435421161e-7,0,-0.6359527707099915,-0.014689450152218342,-3.1230682484562067e-9,1],[7,0.4241396486759186,0.9055967330932617,3.670376003128695e-8,0,-0.905517041683197,0.42410242557525635,0.01325826533138752,0,0.012006625533103943,-0.005623390432447195,0.9999120831489563,0,0.8174987435340881,-0.60477215051651,-0.019449761137366295,1],[7,0.43696922063827515,0.8994760513305664,5.90269211286909e-9,0,-0.8993969559669495,0.4369308352470398,0.01325824111700058,0,0.011925467289984226,-0.005793449003249407,0.9999120831489563,0,0.5582535266876221,-0.6127692461013794,-0.019449731335043907,1],[7,0.013448385521769524,-0.0035071515012532473,-0.9999033808708191,0,-0.999891459941864,-0.006052532233297825,-0.01342699769884348,0,-0.006004857365041971,0.9999755024909973,-0.0035881679505109787,0,0.5903156399726868,0.02642199397087097,0.13915301859378815,1],[7,0.014429282397031784,-0.002268280368298292,-0.999893307685852,0,-0.9977838397026062,0.06492730975151062,-0.014546132646501064,0,0.06495337933301926,0.9978873133659363,-0.0013263991568237543,0,0.33469000458717346,0.002368523273617029,0.1395815759897232,1],[7,-0.4241396188735962,-0.9055966734886169,1.596050935859239e-7,0,-0.9055169224739075,0.42410239577293396,0.013258160091936588,0,0.012006612494587898,-0.005623166915029287,0.9999120831489563,0,0.8174970149993896,-0.6047757863998413,-0.019449623301625252,1],[7,-0.436969131231308,-0.8994760513305664,1.9196356504380674e-7,0,-0.8993969559669495,0.4369308054447174,0.013258134946227074,0,0.011925457045435905,-0.00579322362318635,0.9999120831489563,0,0.5582517385482788,-0.6127728819847107,-0.019449591636657715,1],[7,-0.013887079432606697,0.002648391295224428,0.9999002814292908,0,-0.9998999834060669,-0.0027335078921169043,-0.013879839330911636,0,-0.0026964761782437563,0.9999925494194031,-0.002686087740585208,0,0.5903372168540955,0.024343814700841904,0.13943757116794586,1],[7,-0.01367959100753069,0.0035678534768521786,0.9999002814292908,0,-0.9978567361831665,0.06395004689693451,-0.013879822567105293,0,0.0639931857585907,0.9979466795921326,-0.0026853966992348433,0,0.3347346782684326,0.002026947680860758,0.13943757116794586,1]],8,8,8,8,8,8,8,8,8,8,8]]],0,0,[],[],[]],[[[6,".bin",888373475,[{"primitives":[{"primitiveMode":7,"jointMapIndex":0,"vertexBundelIndices":[0],"indexView":{"offset":34344,"length":4404,"count":2202,"stride":2}}],"vertexBundles":[{"view":{"offset":0,"length":34344,"count":477,"stride":72},"attributes":[{"name":"a_position","format":32,"isNormalized":false},{"name":"a_normal","format":32,"isNormalized":false},{"name":"a_texCoord","format":21,"isNormalized":false},{"name":"a_tangent","format":44,"isNormalized":false},{"name":"a_joints","format":42,"isNormalized":false},{"name":"a_weights","format":44,"isNormalized":false}]}],"jointMaps":[[0,1,2,3,4,5,6,7,8,9,10]]},"minPosition",8,[1,-0.5320720076560974,-7.810368383901246e-18,-0.29203298687934875],"maxPosition",8,[1,0.5320720076560974,1.7017250061035156,0.27435198426246643]]],-1],0,0,[],[],[]],[[[7],[8,"c_13",[-3],[[13,-2,[4,"741EjWllhZZ42lPVoNc54C"]]],[0,"a19uoKa2VVZIMw4bgjoBRL",-1,0]],[9,"trunk_0",[-4,-5,-6],[0,"29w18jpbRV1YKOlIXW6+sN",1,0],[1,7.38506256148241e-10,0.635897994041443,-0.016895042732358],[3,0.5008664063022387,0.4991322091860922,-0.5008662870929513,-0.49913208997680486],[1,179.99999316980046,89.99999316980231,89.80127554919494]],[12,"trunk_1",2,[[[1,"head",-7,[0,"aeJeNXuKZT4JtsC/RkY4Ov",1,0],[1,0.234756305813789,-4.76837129781416e-8,-1.67688088349889e-13],[3,2.673266924443815e-14,2.022538789746076e-14,0.041598699076668876,0.9991343994854389],[1,2.9745697292481126e-12,2.1958212039934504e-12,4.768235655810502]],-8,-9],4,1,1],[0,"afsonXgR5V3IEEds4d689I",1,0],[1,0.186163857579231,2.31266014338871e-7,1.09608433440656e-9],[3,9.711700519930742e-8,6.364620567113474e-9,-0.03648706629232989,0.9993341253021283],[1,0.000011177751848553044,0.0000011379328868100869,-4.182038089724705]],[10,"RootNode",1,[2,-10],[0,"01B3pzcXZdm45LJr+6IxV1",1,0]],[2,"arm_R_0",3,[[1,"arm_R_1",-11,[0,"9d9cSujB1Zwq9HnwGbfliy",1,0],[1,0.250591307878494,1.52587887214395e-7,-2.38418573772492e-9],[3,1.9058531036794984e-8,4.792188939168674e-9,0.0071073468899448934,0.9999747424911217],[1,0.0000021802089272477777,5.336623795310644e-7,0.8144488176528517]]],[0,"7dbu+7epFbmod8z8sO5PzB",1,0],[1,0.176170498132706,-0.0115628335624933,-0.20094595849514],[3,0.12493386220411185,0.6959824618230432,-0.6832687909898688,0.1820541187909328],[1,87.98453103494424,154.82820149704975,-4.294341288469499]],[3,"arm_L_0",3,[[1,"arm_L_1",-12,[0,"ealJLA0OFUp40iH7Dbev5C",1,0],[1,0.250591307878494,1.14440915410796e-7,-1.19209286886246e-9],[3,1.9288045225704404e-8,5.259492475336385e-9,0.007107346424307131,0.9999747424944314],[1,0.000002206130679184206,5.870285343173982e-7,0.8144487642933481]]],[0,"338y995flUmYuFOLT9ISyy",1,0],[1,0.176170498132706,-0.0115628577768803,0.200950011610985],[3,-0.6959823171566109,0.12493387998611208,0.1820540823295668,0.6832689448116823],[1,-1.00000011920929,-1,-1],[1,-92.01544428653486,25.171795955203628,4.294342298421934]],[3,"leg_L_0",2,[[1,"leg_L_1",-13,[0,"33OP2cw5pfTa/FdE4fVSMM",1,0],[1,0.256482779979706,-2.02655783709815e-7,-9.53674295089968e-9],[3,1.86096795784111e-10,1.403973753003613e-9,0.033360631175325,0.9994433792304513],[1,1.5981648439840735e-8,1.6043968737157507e-7,3.8235561864018086]]],[0,"4bRKtYVoVfnakcDxQwb0ya",1,0],[1,-0.0435986332595348,0.00563341611996293,0.131290018558502],[3,0.0013456272141738911,0.006939586104864776,-0.0030916625909769998,0.9999702360843132],[1,-0.99999988079071,-1.00000023841858,-0.99999988079071],[1,0.15665464822303402,0.7957117450886168,-0.3532000615946457]],[2,"leg_R_0",2,[[1,"leg_R_1",-14,[0,"5ap15Bu0NfYKS+eHtKZWGo",1,0],[1,0.256482839584351,-2.00271600192536e-7,0],[3,-0.0011156066040501594,0.0005927869784699033,0.035493201615605936,0.9993691193270768],[1,-0.13049833947049114,0.07260589361058303,4.0679965225989045]]],[0,"3eT6IlgLlQYJHzHlYxJUKD",1,0],[1,-0.0435987077653408,0.00563349016010761,-0.131293430924416],[3,-0.00671594157675647,0.0017875868010687585,0.9999645752199535,0.004748575296209889],[1,-179.79150062588,179.2294065322316,0.5427597783001803]],[11,"mesh",4,[[14,-15,[4,"32QXuJAGFddJIudO/ZR48R"],[0],[15],1,1,2]],[0,"98WU3jCkpTdaSys5pgZ8qY",1,0],[1,0.00000250447806548767,0,0]]],0,[0,2,1,0,1,1,0,-1,4,0,-1,3,0,-2,7,0,-3,8,0,0,3,0,-2,5,0,-3,6,0,-2,9,0,0,5,0,0,6,0,0,7,0,0,8,0,1,9,0,3,1,2,0,4,15],[0,0,0],[-1,4,5],[0,1,2]],[[[16,"a1",[{"rasterizerState":{},"blendState":{"targets":[{}]},"depthStencilState":{}}],[{}],[[[{"metallic":0.400000005960464,"roughness":0.70710676908493},"albedoScale",8,[1,0.588235318660736,0.588235318660736,0.588235318660736]]],11]]],0,0,[0],[6],[3]]]]
