[1,["75iNeRJWVMV7taaoCdKo/y@d84d1","75iNeRJWVMV7taaoCdKo/y@490db","75iNeRJWVMV7taaoCdKo/y@438fe","1brw/JvvpFnIvdrxpFCgMZ"],["_parent","node","root","data","_mesh","_skeleton","_effectAsset"],[["cc.Node",["_name","_prefab","_children","_euler","_parent","_components","_lpos","_lrot"],2,4,2,5,1,9,5,5],["cc.Node",["_name","_parent","_children","_prefab","_lpos","_lrot","_euler","_lscale"],2,1,9,4,5,5,5,5],["cc.Skeleton",["_name","_hash","_joints","_bindposes"],0,12],["cc.Mesh",["_native","_hash","_struct"],1,11],["cc.Prefab",[],3],["cc.Node",["_name","_parent","_children","_prefab","_lpos","_lrot","_euler"],2,1,12,4,5,5,5],["cc.SkeletalAnimation",["node","__prefab"],3,1,4],["cc.CompPrefabInfo",["fileId"],2],["cc.PrefabInfo",["fileId","root","asset"],2,1,1],["cc.SkinnedMeshRenderer",["node","__prefab","_materials","lightmapSettings","_skinningRoot","_mesh","_skeleton"],3,1,4,3,4,1,6,6],["cc.ModelLightmapSettings",[],3],["cc.Material",["_name","_states","_defines","_props"],0,12]],[[8,0,1,2,2],[0,0,4,1,6,7,3,2],[1,0,1,2,3,4,5,6,2],[1,0,1,2,3,4,5,7,6,2],[7,0,2],[2,0,1,2,3,4],[3,0,1,2,3],[4,1],[0,0,2,5,1,2],[0,0,2,1,6,7,3,2],[0,0,4,2,1,2],[0,0,4,5,1,3,2],[5,0,1,2,3,4,5,6,2],[6,0,1,1],[9,0,1,2,3,4,5,6,1],[10,1],[11,0,1,2,3,4]],[[[[5,"Skin-0",4281986511,["RootNode/trunk_0/trunk_1/head","RootNode/trunk_0","RootNode/trunk_0/trunk_1","RootNode/trunk_0/trunk_1/arm_R_0","RootNode/trunk_0/trunk_1/arm_R_0/arm_R_1","RootNode/trunk_0/leg_R_0/leg_R_1","RootNode/trunk_0/leg_R_0","RootNode/trunk_0/trunk_1/arm_L_0","RootNode/trunk_0/trunk_1/arm_L_0/arm_L_1","RootNode/trunk_0/leg_L_0/leg_L_1","RootNode/trunk_0/leg_L_0"],[[[7,2.360047157701217e-10,4.371119999291295e-8,-1,0,0.99998539686203,-0.005405462346971035,-2.7797227952590375e-13,0,-0.005405462346971035,-0.99998539686203,-4.371183237594778e-8,0,-1.0570367574691772,-0.0009652007720433176,4.5051289088160473e-13,1],[7,8.046796118321708e-9,2.382197550332421e-7,-1,0,0.9987794756889343,-0.049390919506549835,-3.728918063217179e-9,0,-0.049390919506549835,-0.9987794756889343,-2.3832643591958913e-7,0,-0.6371837854385376,0.014593852683901787,-9.122379518444745e-10,1],[7,-3.6146441395601414e-9,4.356173022301846e-8,-1,0,0.9965755939483643,0.08268611878156662,-3.162098404299596e-13,0,0.08268611878156662,-0.9965755939483643,-4.371144157744311e-8,0,-0.8180878758430481,-0.09405668824911118,3.250192270268931e-13,1],[7,0.4241396188735962,0.9055967330932617,4.748565274326211e-8,0,-0.9055966138839722,0.42413973808288574,-1.923410541948556e-9,0,-2.1882382128524114e-8,-4.2187060955711786e-8,1,0,0.8182616829872131,-0.6051294803619385,-1.1697077972883108e-8,1],[7,0.43696916103363037,0.899476170539856,1.6179869888333087e-8,0,-0.8994759917259216,0.43696925044059753,-2.7095044430325288e-8,0,-3.144144500311086e-8,-2.713706814816419e-9,1,0,0.5590113401412964,-0.613137423992157,1.9773263915112693e-8,1],[7,0.018129339441657066,0.0015767626464366913,-0.999834418296814,0,-0.9973891377449036,0.06994234770536423,-0.017974698916077614,0,0.06990242004394531,0.9975498914718628,0.002840653993189335,0,0.33448266983032227,-0.01211215928196907,0.14169031381607056,1],[7,0.016876591369509697,8.471283763356041e-7,-0.9998576045036316,0,-0.9992863535881042,0.0337977409362793,-0.01686692424118519,0,0.03379291296005249,0.9994286894798279,0.0005712372367270291,0,0.5913522839546204,0.00030420429538935423,0.14129358530044556,1],[7,-0.4241395592689514,-0.9055966734886169,1.8392537981526402e-7,0,-0.9055964946746826,0.4241396188735962,-1.1647608033626966e-7,0,-2.747030691807595e-8,2.1596434862658498e-7,1,0,0.8182600140571594,-0.6051331162452698,1.419385569079168e-7,1],[7,-0.4369691014289856,-0.8994760513305664,2.1647502990163048e-7,0,-0.8994759321212769,0.436969131231308,-1.4164771755531547e-7,0,-3.281581584246851e-8,2.566098089573643e-7,1,0,0.5590095520019531,-0.6131410002708435,1.737911787813573e-7,1],[7,-0.016867034137248993,0.0005715299630537629,0.9998576045036316,0,-0.9975759387016296,0.06751052290201187,-0.01686713472008705,0,0.06751056015491486,0.9977182745933533,0.0005685577052645385,0,0.33468905091285706,-0.010999252088367939,0.14129021763801575,1],[7,-0.016876695677638054,0.0000020609427338058595,0.9998576045036316,0,-0.9992862343788147,0.033797428011894226,-0.016867125406861305,0,0.033792655915021896,0.9994284510612488,0.0005683295894414186,0,0.5913524031639099,0.00030475566745735705,0.14129021763801575,1]],8,8,8,8,8,8,8,8,8,8,8]]],0,0,[],[],[]],[[[6,".bin",3077697198,[{"primitives":[{"primitiveMode":7,"jointMapIndex":0,"vertexBundelIndices":[0],"indexView":{"offset":62352,"length":8400,"count":4200,"stride":2}}],"vertexBundles":[{"view":{"offset":0,"length":62352,"count":866,"stride":72},"attributes":[{"name":"a_position","format":32,"isNormalized":false},{"name":"a_normal","format":32,"isNormalized":false},{"name":"a_texCoord","format":21,"isNormalized":false},{"name":"a_tangent","format":44,"isNormalized":false},{"name":"a_joints","format":42,"isNormalized":false},{"name":"a_weights","format":44,"isNormalized":false}]}],"jointMaps":[[0,1,2,3,4,5,6,7,8,9,10]]},"minPosition",8,[1,-0.4714857339859009,-0.0014422123786062002,-0.272052526473999],"maxPosition",8,[1,0.4714857339859009,1.5897995233535767,0.2536437511444092]]],-1],0,0,[],[],[]],[[[7],[8,"skeleton_01",[-3],[[13,-2,[4,"83Cv1CERtQh4ovP+WBX32a"]]],[0,"57im66VYJRw40jG2JBYbo1",-1,0]],[9,"trunk_0",[-4,-5,-6],[0,"a1FRnm1jJYeZfkmxbLYPEy",1,0],[1,7.38506256148241e-10,0.637126922607422,-0.0168950259685516],[3,0.5121989745919551,0.48749597906019515,-0.5121988553826684,-0.4874958598509075],[1,179.99999316772482,89.99999316772701,87.16895724462654]],[12,"trunk_1",2,[[[1,"head",-7,[0,"9cZiAvfVJbEauG7D+f4Epj",1,0],[1,0.234756305813789,-4.76837129781416e-8,-1.69090639385271e-13],[3,4.077794370163099e-14,2.1953158751339424e-14,0.044078773508895074,0.9990280585278632],[1,4.575158326532067e-12,2.3162305597623965e-12,5.052692456220944]],-8,-9],4,1,1],[0,"0b35PexRdSLLUygXtu7pAK",1,0],[1,0.186163932085037,2.32458106097511e-7,1.09608466747346e-9],[3,9.726283640879557e-8,3.4875234592823514e-9,-0.06604771463933717,0.9978164657846207],[1,0.000011245672847928293,0.0000011448916516210055,-7.574024107129536]],[10,"RootNode",1,[2,-10],[0,"06eoPkNhZc7bl2mfz3+XSg",1,0]],[2,"arm_R_0",3,[[1,"arm_R_1",-11,[0,"datflQNQdVQYvwtrOP171U",1,0],[1,0.250591337680817,1.52587887214395e-7,-2.45142928179121e-9],[3,1.9264480075458867e-8,4.754477326996987e-9,0.0071073468899448934,0.9999747424911217],[1,0.0000022038414540746903,5.291728691390273e-7,0.8144488176528518]]],[0,"608K0Uds9YDLjC8CzIu8Pe",1,0],[1,0.176170498132706,-0.0115628428757191,-0.20094595849514],[3,0.12493384821338048,0.6959824668948725,-0.6832687959690499,0.18205409031529238],[1,87.98453141823086,154.82820506931006,-4.294340202947024]],[3,"arm_L_0",3,[[1,"arm_L_1",-12,[0,"aa8rzOum9bsbXPW9GOR6Vr",1,0],[1,0.250591337680817,1.52587887214395e-7,-2.4514155150257e-9],[3,1.9264483626259876e-8,4.754471997454323e-9,0.007107360859078041,0.9999747423918357],[1,0.0000022038418583830334,5.291722247953696e-7,0.8144504184380293]]],[0,"27ivpN6V1cCatLtCWx01V2",1,0],[1,0.176170572638512,-0.0115628624334931,0.200950011610985],[3,-0.6959823216360479,0.12493385098788222,0.18205406860013004,0.6832689492092945],[1,-1.00000011920929,-1,-1],[1,-92.01544443203491,25.17179244424796,4.294343567341889]],[3,"leg_L_0",2,[[1,"leg_L_1",-13,[0,"6aw/P6YxRbybaoi7fg0ZMZ",1,0],[1,0.256482839584351,-2.09808348472507e-7,-9.53674295089968e-9],[3,-1.1985218030333822e-10,9.254108880828703e-10,0.06632793504925694,0.9977978778450581],[1,-2.0921586665785864e-8,1.0766906247457641e-7,7.606205568978805]]],[0,"66kChNHPxTaaOESdASiQhz",1,0],[1,-0.0435986332595348,0.00563341984525323,0.131290018558502],[3,-0.0003990227369403347,0.00811434993609926,-0.06844571154992658,0.9976217633333758],[1,-0.99999988079071,-1.00000023841858,-0.99999988079071],[1,0.018197906659170322,0.9332806129129737,-7.849550443220217]],[2,"leg_R_0",2,[[1,"leg_R_1",-14,[0,"e4XmB12X1bh6r8Z3O9iYCl",1,0],[1,0.256482839584351,-2.00271600192536e-7,-9.53674295089968e-9],[3,-0.001115606603902035,0.0005927879097137466,0.03549320533618354,0.999369119194386],[1,-0.13049834355608778,0.07260600103102859,4.067996949092521]]],[0,"02iOxp9ilSeb3prSs8cNha",1,0],[1,-0.0435987450182438,0.00563349341973662,-0.131293430924416],[3,-0.00817400949690503,-0.00025354037258049517,0.9986610260809291,0.05108107548799053],[1,-179.9810696555714,179.06112433760643,5.856050326404514]],[11,"mesh",4,[[14,-15,[4,"aezjI6/dFSQqc+qXln0lJk"],[0],[15],1,1,2]],[0,"0756pctn5QyJ13x+NhoMEo",1,0],[1,0.00000250447806548767,0,0]]],0,[0,2,1,0,1,1,0,-1,4,0,-1,3,0,-2,7,0,-3,8,0,0,3,0,-2,5,0,-3,6,0,-2,9,0,0,5,0,0,6,0,0,7,0,0,8,0,1,9,0,3,1,2,0,4,15],[0,0,0],[-1,4,5],[0,1,2]],[[[16,"a1",[{"rasterizerState":{},"blendState":{"targets":[{}]},"depthStencilState":{}}],[{}],[[[{"metallic":0.400000005960464,"roughness":0.70710676908493},"albedoScale",8,[1,0.588235318660736,0.588235318660736,0.588235318660736]]],11]]],0,0,[0],[6],[3]]]]
