[1,["d16GR0eMVGwJj8ASPjUQJr@d84d1","d16GR0eMVGwJj8ASPjUQJr@490db","d16GR0eMVGwJj8ASPjUQJr@438fe","1brw/JvvpFnIvdrxpFCgMZ"],["_parent","node","root","data","_mesh","_skeleton","_effectAsset"],[["cc.Node",["_name","_prefab","_children","_euler","_parent","_components","_lpos","_lrot"],2,4,2,5,1,9,5,5],["cc.Node",["_name","_parent","_children","_prefab","_lpos","_lrot","_euler","_lscale"],2,1,9,4,5,5,5,5],["cc.Skeleton",["_name","_hash","_joints","_bindposes"],0,12],["cc.Mesh",["_native","_hash","_struct"],1,11],["cc.Prefab",[],3],["cc.Node",["_name","_parent","_children","_prefab","_lpos","_lrot","_euler"],2,1,12,4,5,5,5],["cc.SkeletalAnimation",["node","__prefab"],3,1,4],["cc.CompPrefabInfo",["fileId"],2],["cc.PrefabInfo",["fileId","root","asset"],2,1,1],["cc.SkinnedMeshRenderer",["node","__prefab","_materials","lightmapSettings","_skinningRoot","_mesh","_skeleton"],3,1,4,3,4,1,6,6],["cc.ModelLightmapSettings",[],3],["cc.Material",["_name","_states","_defines","_props"],0,12]],[[8,0,1,2,2],[0,0,4,1,6,7,3,2],[1,0,1,2,3,4,5,6,2],[1,0,1,2,3,4,5,7,6,2],[7,0,2],[2,0,1,2,3,4],[3,0,1,2,3],[4,1],[0,0,2,5,1,2],[0,0,2,1,6,7,3,2],[0,0,4,2,1,2],[0,0,4,5,1,3,2],[5,0,1,2,3,4,5,6,2],[6,0,1,1],[9,0,1,2,3,4,5,6,1],[10,1],[11,0,1,2,3,4]],[[[[5,"Skin-0",2817250725,["RootNode/trunk_0/trunk_1/head","RootNode/trunk_0","RootNode/trunk_0/leg_R_0","RootNode/trunk_0/trunk_1","RootNode/trunk_0/leg_R_0/leg_R_1","RootNode/trunk_0/leg_L_0","RootNode/trunk_0/leg_L_0/leg_L_1","RootNode/trunk_0/trunk_1/arm_R_0","RootNode/trunk_0/trunk_1/arm_R_0/arm_R_1","RootNode/trunk_0/trunk_1/arm_L_0","RootNode/trunk_0/trunk_1/arm_L_0/arm_L_1"],[[[7,2.360047157701217e-10,4.371119999291295e-8,-1,0,0.99998539686203,-0.005405462346971035,-2.7797227952590375e-13,0,-0.005405462346971035,-0.99998539686203,-4.371183237594778e-8,0,-1.0570367574691772,-0.0009652007720433176,4.5051289088160473e-13,1],[7,8.046796118321708e-9,2.382197550332421e-7,-1,0,0.9987794756889343,-0.049390919506549835,-3.728918063217179e-9,0,-0.049390919506549835,-0.9987794756889343,-2.3832643591958913e-7,0,-0.6371837854385376,0.014593852683901787,-9.122379518444745e-10,1],[7,0.016876591369509697,8.471283763356041e-7,-0.9998576045036316,0,-0.9992863535881042,0.0337977409362793,-0.01686692424118519,0,0.03379291296005249,0.9994286894798279,0.0005712372367270291,0,0.5913522839546204,0.00030420429538935423,0.14129358530044556,1],[7,-3.6146441395601414e-9,4.356173022301846e-8,-1,0,0.9965755939483643,0.08268611878156662,-3.162098404299596e-13,0,0.08268611878156662,-0.9965755939483643,-4.371144157744311e-8,0,-0.8180878758430481,-0.09405668824911118,3.250192270268931e-13,1],[7,0.016866933554410934,-0.0005701814079657197,-0.9998576045036316,0,-0.9975760579109192,0.06751080602407455,-0.01686694100499153,0,0.06751080602407455,0.9977183938026428,0.0005699008470401168,0,0.3346889019012451,-0.010999578051269054,0.14129358530044556,1],[7,-0.016876695677638054,0.0000020609427338058595,0.9998576045036316,0,-0.9992862343788147,0.033797428011894226,-0.016867125406861305,0,0.033792655915021896,0.9994284510612488,0.0005683295894414186,0,0.5913524031639099,0.00030475566745735705,0.14129021763801575,1],[7,-0.016867034137248993,0.0005715299630537629,0.9998576045036316,0,-0.9975759387016296,0.06751052290201187,-0.01686713472008705,0,0.06751056015491486,0.9977182745933533,0.0005685577052645385,0,0.33468905091285706,-0.010999252088367939,0.14129021763801575,1],[7,0.4241396188735962,0.9055967330932617,4.748565274326211e-8,0,-0.9055966138839722,0.42413973808288574,-1.923410541948556e-9,0,-2.1882382128524114e-8,-4.2187060955711786e-8,1,0,0.8182616829872131,-0.6051294803619385,-1.1697077972883108e-8,1],[7,0.43696916103363037,0.899476170539856,1.6179869888333087e-8,0,-0.8994759917259216,0.43696925044059753,-2.7095044430325288e-8,0,-3.144144500311086e-8,-2.713706814816419e-9,1,0,0.5590113401412964,-0.613137423992157,1.9773263915112693e-8,1],[7,-0.4241395592689514,-0.9055966734886169,1.8392537981526402e-7,0,-0.9055964946746826,0.4241396188735962,-1.1647608033626966e-7,0,-2.747030691807595e-8,2.1596434862658498e-7,1,0,0.8182600140571594,-0.6051331162452698,1.419385569079168e-7,1],[7,-0.4369691014289856,-0.8994760513305664,2.1647502990163048e-7,0,-0.8994759321212769,0.436969131231308,-1.4164771755531547e-7,0,-3.281581584246851e-8,2.566098089573643e-7,1,0,0.5590095520019531,-0.6131410002708435,1.737911787813573e-7,1]],8,8,8,8,8,8,8,8,8,8,8]]],0,0,[],[],[]],[[[6,".bin",2913405362,[{"primitives":[{"primitiveMode":7,"jointMapIndex":0,"vertexBundelIndices":[0],"indexView":{"offset":45720,"length":4692,"count":2346,"stride":2}}],"vertexBundles":[{"view":{"offset":0,"length":45720,"count":635,"stride":72},"attributes":[{"name":"a_position","format":32,"isNormalized":false},{"name":"a_normal","format":32,"isNormalized":false},{"name":"a_texCoord","format":21,"isNormalized":false},{"name":"a_tangent","format":44,"isNormalized":false},{"name":"a_joints","format":42,"isNormalized":false},{"name":"a_weights","format":44,"isNormalized":false}]}],"jointMaps":[[0,1,2,3,4,5,6,7,8,9,10]]},"minPosition",8,[1,-0.5320716500282288,-3.824330185864255e-9,-0.2967306971549988],"maxPosition",8,[1,0.5320716500282288,1.610156536102295,0.2743523418903351]]],-1],0,0,[],[],[]],[[[7],[8,"c_6",[-3],[[13,-2,[4,"edyDIUP8xcP7B+McU9uN7t"]]],[0,"b3coU+Ru9e7KTCfcWHZmBo",-1,0]],[9,"trunk_0",[-4,-5,-6],[0,"11HZKmFi9XJb8JcHJZ1Ro3",1,0],[1,7.38506256148241e-10,0.635897994041443,-0.016895042732358],[3,0.5008664063022387,0.4991322091860922,-0.5008662870929513,-0.49913208997680486],[1,179.99999316980046,89.99999316980231,89.80127554919494]],[12,"trunk_1",2,[[[1,"head",-7,[0,"ccqyut/g5Y8a1b18Uib+I8",1,0],[1,0.234756305813789,-4.76837129781416e-8,-1.67688088349889e-13],[3,2.673266924443815e-14,2.022538789746076e-14,0.041598699076668876,0.9991343994854389],[1,2.9745697292481126e-12,2.1958212039934504e-12,4.768235655810502]],-8,-9],4,1,1],[0,"0fiOrz2eFUyIiC3BJP7L6h",1,0],[1,0.186163857579231,2.31266014338871e-7,1.09608433440656e-9],[3,9.711700519930742e-8,6.364620567113474e-9,-0.03648706629232989,0.9993341253021283],[1,0.000011177751848553044,0.0000011379328868100869,-4.182038089724705]],[10,"RootNode",1,[2,-10],[0,"acBmhMXKxRH71gyJzs0BUy",1,0]],[2,"arm_R_0",3,[[1,"arm_R_1",-11,[0,"2a07OR9EdYcLtLYOpsnPwI",1,0],[1,0.250591307878494,1.52587887214395e-7,-2.38418573772492e-9],[3,1.9058531036794984e-8,4.792188939168674e-9,0.0071073468899448934,0.9999747424911217],[1,0.0000021802089272477777,5.336623795310644e-7,0.8144488176528517]]],[0,"8f+ZPa499aj45PFy69vKDD",1,0],[1,0.176170498132706,-0.0115628335624933,-0.20094595849514],[3,0.12493386220411185,0.6959824618230432,-0.6832687909898688,0.1820541187909328],[1,87.98453103494424,154.82820149704975,-4.294341288469499]],[3,"arm_L_0",3,[[1,"arm_L_1",-12,[0,"2aGV+vSORbO6WC0RvH9Jqt",1,0],[1,0.250591307878494,1.14440915410796e-7,-1.19209286886246e-9],[3,1.9288045225704404e-8,5.259492475336385e-9,0.007107346424307131,0.9999747424944314],[1,0.000002206130679184206,5.870285343173982e-7,0.8144487642933481]]],[0,"43ss8p6CdYcryMzvlGBald",1,0],[1,0.176170498132706,-0.0115628577768803,0.200950011610985],[3,-0.6959823171566109,0.12493387998611208,0.1820540823295668,0.6832689448116823],[1,-1.00000011920929,-1,-1],[1,-92.01544428653486,25.171795955203628,4.294342298421934]],[3,"leg_L_0",2,[[1,"leg_L_1",-13,[0,"1f3hrGKj9XirhrQe7uA1SO",1,0],[1,0.256482779979706,-2.02655783709815e-7,-9.53674295089968e-9],[3,1.86096795784111e-10,1.403973753003613e-9,0.033360631175325,0.9994433792304513],[1,1.5981648439840735e-8,1.6043968737157507e-7,3.8235561864018086]]],[0,"eb3TJg9L5f4qyf0F52oh8D",1,0],[1,-0.0435986332595348,0.00563341611996293,0.131290018558502],[3,0.0013456272141738911,0.006939586104864776,-0.0030916625909769998,0.9999702360843132],[1,-0.99999988079071,-1.00000023841858,-0.99999988079071],[1,0.15665464822303402,0.7957117450886168,-0.3532000615946457]],[2,"leg_R_0",2,[[1,"leg_R_1",-14,[0,"24FrQFDO9WZqB//TDn4NHl",1,0],[1,0.256482839584351,-2.00271600192536e-7,0],[3,-0.0011156066040501594,0.0005927869784699033,0.035493201615605936,0.9993691193270768],[1,-0.13049833947049114,0.07260589361058303,4.0679965225989045]]],[0,"adPE/hquBQKYhtKxNA9Afd",1,0],[1,-0.0435987077653408,0.00563349016010761,-0.131293430924416],[3,-0.00671594157675647,0.0017875868010687585,0.9999645752199535,0.004748575296209889],[1,-179.79150062588,179.2294065322316,0.5427597783001803]],[11,"mesh",4,[[14,-15,[4,"07P9wuUzdWH6u1AU7V906u"],[0],[15],1,1,2]],[0,"8ea+l4dNFSmI9NnAX/632Z",1,0],[1,0.00000250447806548767,0,0]]],0,[0,2,1,0,1,1,0,-1,4,0,-1,3,0,-2,7,0,-3,8,0,0,3,0,-2,5,0,-3,6,0,-2,9,0,0,5,0,0,6,0,0,7,0,0,8,0,1,9,0,3,1,2,0,4,15],[0,0,0],[-1,4,5],[0,1,2]],[[[16,"a1",[{"rasterizerState":{},"blendState":{"targets":[{}]},"depthStencilState":{}}],[{}],[[[{"metallic":0.400000005960464,"roughness":0.70710676908493},"albedoScale",8,[1,0.588235318660736,0.588235318660736,0.588235318660736]]],11]]],0,0,[0],[6],[3]]]]
